# FAS 7 SOAK trend — one row per applied year (R1: stamped at measurement)
# year secs bus feed feedDropped metrics buffered gcMB maxHitchSecs notable hunches quietAsks
   0    3.0     4     4   0    1  0    18.5  1.96    4    0    0
   1   39.5     8     4   0    2  1    19.9  0.77    4    0    0
   2   64.2    11     4   0    3  1    20.5  0.78    4    0    0
   3   91.9    13     5   0    4  1    20.5  0.11    5    1    0
   4  121.7    16     5   0    5  1    21.4  0.01    5    1    0
   5  155.5    23     8   0    6  1    21.6  0.07    6    1    0
   6  192.1    28     8   0    7  1    21.8  0.03    6    1    0
   7  232.1    33     8   0    8  1    21.9  0.03    6    1    0
   8  274.8    38     9   0    9  1    22.3  0.03    6    2    1
   9  321.9    43     9   0   10  1    24.0  0.02    6    2    1
  10  371.8    50    10   0   11  1    22.5  0.04    7    2    1
  11  421.1    56    11   0   12  1    24.9  0.03    7    2    1
  12  473.8    61    11   0   13  1    31.1  0.04    7    2    1
  13  520.0    67    13   0   14  1    32.1  0.05    7    3    2
  14  567.2    72    13   0   15  1    29.6  0.05    7    3    2
  15  609.8    74    13   0   16  1    34.9  0.05    7    3    2
  16  653.3    78    13   0   17  1    31.2  0.04    7    3    2
  17  701.6    83    14   0   18  1    32.5  0.04    8    3    2
  18  744.5    87    14   0   19  1    30.6  0.03    8    3    2
  19  789.5    91    14   0   20  1    27.5  0.04    8    4    2
  20  837.9    96    14   0   21  1    31.3  0.03    8    4    2
  21  883.5   100    15   0   22  1    23.2  0.70    8    4    2
  22  934.8   106    15   0   23  1    31.7  0.05    8    4    2
  23  991.0   113    16   0   24  1    28.6  0.06    8    5    3
  24 1049.4   121    18   0   25  1    33.6  0.04    8    5    3
  25 1113.0   126    18   0   26  1    32.3  0.07    8    5    3
  26 1172.9   149    32   0   27  1    32.7  0.07   14    5    3
  27 1238.9   163    38   0   28  1    30.8  0.05   17    5    3
  28 1303.8   172    39   0   29  1    30.7  0.06   17    5    3
  29 1378.9   178    40   0   30  1    34.8  0.07   17    6    3
  30 1454.2   184    40   0   31  1    35.7  0.04   17    6    3
  31 1532.5   194    40   0   32  1    36.7  0.04   17    6    3
  32 1606.3   203    41   0   33  1    36.7  0.04   17    6    3
  33 1690.3   211    43   0   34  1    31.9  0.06   18    6    3
  34 1774.8   217    43   0   35  1    37.5  0.05   18    6    3
  35 1854.3   234    47   0   36  1    31.9  0.05   20    7    3
  36 1936.1   242    48   0   37  1    39.6  0.06   20    7    3
  37 2023.2   250    49   0   38  1    37.9  0.05   20    7    3
  38 2106.8   258    49   0   39  1    35.2  0.07   20    7    3
  39 2187.7   268    50   0   40  1    32.8  0.06   20    8    4
  40 2272.6   274    50   0   41  1    33.6  0.05   20    8    4
