# FAS 7 SOAK trend — one row per applied year (R1: stamped at measurement)
# year secs bus feed feedDropped metrics buffered gcMB maxHitchSecs notable hunches quietAsks
   0    3.0     4     4   0    1  0    18.2  1.98    4    0    0
   1   39.2     8     4   0    2  1    20.0  0.81    4    0    0
   2   63.8    11     4   0    3  1    20.5  0.77    4    0    0
   3   91.6    13     5   0    4  1    25.3  0.12    5    1    0
   4  121.0    16     5   0    5  1    24.3  0.01    5    1    0
   5  154.5    23     8   0    6  1    21.9  0.05    6    1    0
   6  190.7    28     8   0    7  1    22.0  0.03    6    1    0
   7  230.2    33     8   0    8  1    22.6  0.02    6    1    0
   8  272.5    38     9   0    9  1    22.5  0.03    6    2    1
   9  318.9    43     9   0   10  1    23.8  0.02    6    2    1
  10  368.2    50    10   0   11  1    25.7  0.03    7    2    1
  11  417.0    56    11   0   12  1    25.4  0.02    7    2    1
  12  469.0    61    11   0   13  1    29.9  0.03    7    2    1
  13  514.7    67    13   0   14  1    30.8  0.04    7    3    2
  14  561.1    72    13   0   15  1    29.7  0.05    7    3    2
  15  602.6    74    13   0   16  1    29.9  0.05    7    3    2
  16  645.2    78    13   0   17  1    30.8  0.03    7    4    3
  17  692.9    83    14   0   18  1    31.2  0.03    8    4    3
  18  735.7    87    14   0   19  1    31.3  0.03    8    4    3
  19  780.4    91    14   0   20  1    30.9  0.03    8    4    3
  20  827.8    96    14   0   21  1    27.8  0.03    8    5    4
  21  872.9   100    15   0   22  1    23.2  0.70    8    5    4
  22  923.5   106    15   0   23  1    31.4  0.05    8    5    4
  23  979.2   113    16   0   24  1    33.3  0.04    8    6    5
  24 1036.8   121    18   0   25  1    33.1  0.04    8    6    5
  25 1099.7   126    18   0   26  1    32.5  0.06    8    6    5
  26 1158.8   149    32   0   27  1    30.9  0.06   14    6    5
  27 1223.7   163    38   0   28  1    36.9  0.04   17    6    5
  28 1287.5   172    39   0   29  1    36.2  0.04   17    6    5
  29 1362.1   178    40   0   30  1    34.5  0.06   17    7    5
  30 1436.3   184    40   0   31  1    36.7  0.04   17    7    5
  31 1513.2   194    40   0   32  1    36.7  0.04   17    7    5
  32 1586.0   203    41   0   33  1    36.9  0.05   17    8    6
  33 1668.8   212    44   0   34  1    32.3  0.06   19    8    6
  34 1752.5   218    44   0   35  1    37.3  0.05   19    8    6
  35 1831.3   235    48   0   36  1    32.2  0.05   21    8    6
  36 1910.1   244    50   0   37  1    33.3  0.07   22    8    6
  37 1995.1   252    51   0   38  1    38.2  0.05   22    8    6
  38 2077.5   260    51   0   39  1    32.7  0.06   22    9    6
  39 2156.8   270    52   0   40  1    32.5  0.05   22    9    6
  40 2240.0   276    52   0   41  1    34.2  0.05   22    9    6
