# FAS 7 SOAK trend — one row per applied year (R1: stamped at measurement)
# year secs bus feed feedDropped metrics buffered gcMB maxHitchSecs notable hunches quietAsks
   0    3.1     4     4   0    1  0    17.5  2.10    4    0    0
   1   39.6     8     4   0    2  1    21.1  0.71    4    0    0
   2   64.2    11     4   0    3  1    20.2  0.77    4    0    0
   3   92.4    13     5   0    4  1    22.2  0.12    5    1    0
   4  122.3    16     5   0    5  1    21.6  0.02    5    1    0
   5  156.3    23     8   0    6  1    22.3  0.06    6    1    0
   6  193.0    28     8   0    7  1    21.9  0.03    6    1    0
   7  232.9    33     8   0    8  1    21.4  0.02    6    1    0
   8  275.9    38     9   0    9  1    22.4  0.03    6    2    1
   9  323.2    43     9   0   10  1    24.0  0.02    6    2    1
  10  373.1    50    10   0   11  1    23.5  0.03    7    2    1
  11  422.4    56    11   0   12  1    25.0  0.02    7    2    1
  12  475.2    61    11   0   13  1    29.6  0.03    7    2    1
  13  521.7    67    13   0   14  1    29.8  0.04    7    3    2
  14  568.7    72    13   0   15  1    29.4  0.04    7    3    2
  15  611.0    74    13   0   16  1    29.6  0.04    7    3    2
  16  654.3    78    13   0   17  1    31.3  0.04    7    3    2
  17  702.3    83    14   0   18  1    31.2  0.03    8    3    2
  18  745.0    87    14   0   19  1    30.7  0.03    8    3    2
  19  790.1    91    14   0   20  1    30.2  0.03    8    3    2
  20  838.0    96    14   0   21  1    30.2  0.03    8    3    2
  21  883.5   100    15   0   22  1    27.7  0.76    8    3    2
  22  934.9   106    15   0   23  1    31.4  0.05    8    3    2
  23  990.8   113    16   0   24  1    32.6  0.04    8    3    2
  24 1049.9   121    18   0   25  1    33.3  0.04    8    3    2
  25 1113.9   126    18   0   26  1    33.2  0.06    8    3    2
  26 1174.2   149    32   0   27  1    31.1  0.07   14    4    2
  27 1240.1   163    38   0   28  1    36.1  0.04   17    4    2
  28 1304.8   172    39   0   29  1    36.2  0.04   17    4    2
  29 1380.4   178    40   0   30  1    33.6  0.07   17    4    2
  30 1456.1   184    40   0   31  1    37.0  0.04   17    5    3
  31 1534.7   194    40   0   32  1    36.0  0.05   17    5    3
  32 1609.0   203    41   0   33  1    37.3  0.05   17    5    3
  33 1693.0   212    44   0   34  1    31.9  0.06   19    5    3
  34 1777.8   218    44   0   35  1    37.0  0.04   19    5    3
  35 1857.6   235    48   0   36  1    32.0  0.06   21    5    3
  36 1937.5   243    49   0   37  1    32.2  0.06   21    6    3
  37 2024.1   251    50   0   38  1    38.3  0.05   21    6    3
  38 2107.4   260    51   0   39  1    35.0  0.07   22    6    3
  39 2187.9   270    52   0   40  1    32.5  0.05   22    7    4
  40 2272.5   276    52   0   41  1    33.7  0.05   22    7    4
