# FAS 7 SOAK trend — one row per applied year (R1: stamped at measurement)
# year secs bus feed feedDropped metrics buffered gcMB maxHitchSecs notable hunches quietAsks
   0    3.0     4     4   0    1  0    18.1  2.00    4    0    0
   1   38.7     8     4   0    2  1    20.1  0.70    4    0    0
   2   62.8    11     4   0    3  1    20.4  0.74    4    0    0
   3   90.4    13     5   0    4  1    21.6  0.11    5    1    0
   4  120.0    16     5   0    5  1    22.1  0.02    5    1    0
   5  153.6    23     8   0    6  1    22.1  0.06    6    1    0
   6  189.7    28     8   0    7  1    22.4  0.03    6    1    0
   7  229.2    33     8   0    8  1    21.9  0.02    6    1    0
   8  271.5    38     9   0    9  1    23.2  0.03    6    2    1
   9  317.8    43     9   0   10  1    24.3  0.02    6    2    1
  10  366.8    50    10   0   11  1    24.2  0.02    7    2    1
  11  415.2    56    11   0   12  1    24.8  0.02    7    2    1
  12  467.1    61    11   0   13  1    29.5  0.03    7    2    1
  13  512.9    67    13   0   14  1    31.1  0.04    7    3    2
  14  559.1    72    13   0   15  1    29.7  0.05    7    3    2
  15  600.6    74    13   0   16  1    29.7  0.04    7    3    2
  16  643.3    78    13   0   17  1    30.1  0.03    7    4    3
  17  690.6    83    14   0   18  1    32.4  0.04    8    4    3
  18  732.6    87    14   0   19  1    31.0  0.03    8    4    3
  19  777.0    91    14   0   20  1    30.7  0.04    8    4    3
  20  824.3    96    14   0   21  1    30.0  0.03    8    4    3
  21  869.0   100    15   0   22  1    23.1  0.70    8    5    4
  22  918.9   106    15   0   23  1    31.5  0.05    8    5    4
  23  973.7   113    16   0   24  1    32.4  0.04    8    5    4
  24 1031.5   121    18   0   25  1    33.3  0.04    8    6    5
  25 1094.3   126    18   0   26  1    32.4  0.05    8    6    5
  26 1153.6   149    32   0   27  1    30.5  0.06   14    6    5
  27 1218.1   163    38   0   28  1    30.5  0.05   17    6    5
  28 1281.7   172    39   0   29  1    36.3  0.04   17    6    5
  29 1356.4   178    40   0   30  1    34.8  0.07   17    6    5
  30 1430.6   184    40   0   31  1    31.1  0.05   17    7    5
  31 1507.8   194    40   0   32  1    36.7  0.04   17    7    5
  32 1580.4   203    41   0   33  1    36.8  0.05   17    7    5
  33 1662.5   212    44   0   34  1    32.7  0.06   19    7    5
  34 1745.5   218    44   0   35  1    32.1  0.05   19    7    5
  35 1823.5   235    48   0   36  1    32.1  0.05   21    7    5
  36 1901.9   243    49   0   37  1    32.6  0.06   21    8    5
  37 1987.0   251    50   0   38  1    37.9  0.05   21    8    5
  38 2068.7   259    50   0   39  1    35.4  0.06   21    8    5
  39 2147.7   269    51   0   40  1    32.3  0.05   21    9    6
  40 2231.0   275    51   0   41  1    33.8  0.05   21    9    6
