# FAS 7 SOAK trend — one row per applied year (R1: stamped at measurement)
# year secs bus feed feedDropped metrics buffered gcMB maxHitchSecs notable hunches quietAsks
   0    3.0     4     4   0    1  0    18.0  2.00    4    0    0
   1   39.0     8     4   0    2  1    20.4  0.76    4    0    0
   2   63.0    11     4   0    3  1    20.4  0.75    4    0    0
   3   90.8    13     5   0    4  1    21.9  0.12    5    1    0
   4  120.4    16     5   0    5  1    22.0  0.01    5    1    0
   5  154.1    23     8   0    6  1    21.3  0.06    6    1    0
   6  191.4    28     8   0    7  1    22.1  0.03    6    1    0
   7  231.4    33     8   0    8  1    26.5  0.02    6    1    0
   8  273.8    38     9   0    9  1    22.3  0.03    6    2    1
   9  321.5    43     9   0   10  1    24.4  0.02    6    2    1
  10  370.5    50    10   0   11  1    23.4  0.03    7    2    1
  11  418.9    56    11   0   12  1    24.7  0.02    7    2    1
  12  470.8    61    11   0   13  1    29.1  0.03    7    2    1
  13  516.4    67    13   0   14  1    30.6  0.04    7    3    2
  14  562.6    72    13   0   15  1    29.8  0.05    7    3    2
  15  603.8    74    13   0   16  1    29.8  0.04    7    3    2
  16  646.3    78    13   0   17  1    30.5  0.03    7    4    3
  17  693.7    83    14   0   18  1    30.9  0.03    8    4    3
  18  736.4    87    14   0   19  1    30.9  0.03    8    4    3
  19  780.8    91    14   0   20  1    30.8  0.03    8    4    3
  20  827.9    96    14   0   21  1    30.7  0.03    8    4    3
  21  872.3   100    15   0   22  1    23.3  0.71    8    5    4
  22  922.3   106    15   0   23  1    31.3  0.05    8    5    4
  23  977.0   113    16   0   24  1    31.6  0.04    8    5    4
  24 1034.2   121    18   0   25  1    33.8  0.04    8    6    5
  25 1096.7   126    18   0   26  1    32.3  0.06    8    6    5
  26 1155.9   149    32   0   27  1    32.2  0.06   14    6    5
  27 1221.2   163    38   0   28  1    35.9  0.04   17    6    5
  28 1284.7   172    39   0   29  1    35.9  0.04   17    6    5
  29 1358.7   178    40   0   30  1    34.0  0.06   17    6    5
  30 1433.3   184    40   0   31  1    31.3  0.05   17    7    5
  31 1509.9   194    40   0   32  1    36.8  0.04   17    7    5
  32 1582.5   203    41   0   33  1    36.9  0.05   17    7    5
  33 1664.7   212    44   0   34  1    32.1  0.06   19    7    5
  34 1747.9   218    44   0   35  1    31.9  0.05   19    7    5
  35 1825.9   235    48   0   36  1    37.6  0.05   21    7    5
  36 1904.1   243    49   0   37  1    32.6  0.07   21    8    5
  37 1989.2   251    50   0   38  1    32.3  0.05   21    8    5
  38 2071.0   259    50   0   39  1    35.5  0.06   21    8    5
  39 2149.9   269    51   0   40  1    32.4  0.05   21    8    5
  40 2232.9   275    51   0   41  1    33.7  0.05   21    8    5
